@centro (10, 10)
@radio 15
@Puntos 3
(25, 10)
(2.5, 22.9904)
(2.5, -2.99038)
@centro (20, 20)
@radio 25
@Puntos 4
(45, 20)
(20, 45)
(-5, 20)
(20, -5)
@centro (30, 30)
@radio 35
@Puntos 5
(65, 30)
(40.8156, 63.287)
(1.6844, 50.5725)
(1.68441, 9.42751)
(40.8156, -3.28698)
@centro (40, 40)
@radio 45
@Puntos 6
(85, 40)
(62.5, 78.9711)
(17.5, 78.9711)
(-5, 40)
(17.5, 1.02885)
(62.5, 1.02885)
@centro (50, 50)
@radio 55
@Puntos 7
(105, 50)
(84.2919, 93.0007)
(37.7613, 103.621)
(0.446712, 73.8636)
(0.446712, 26.1364)
(37.7613, -3.62103)
(84.2919, 6.99926)
